Webots Project File version R2021b
perspectives: 000000ff00000000fd00000003000000000000021700000249fc0100000001fb0000001e00480074006d006c0052006f0062006f007400570069006e0064006f0077000000000000000217000000000000000000000001000000be000001fafc0200000001fb0000001400540065007800740045006400690074006f0072010000001c000001fa0000003c00ffffff000000030000044d0000005efc0100000001fb0000001a0043006f006e0073006f006c00650041006c006c0041006c006c01000000000000044d0000005400ffffff00000389000001fa00000001000000020000000100000008fc00000000
simulationViewPerspectives: 000000ff0000000100000002000001180000020d0100000006010000000100
sceneTreePerspectives: 000000ff000000010000000200000046000000fc0100000006010000000200
maximizedDockId: -1
centralWidgetVisible: 1
orthographicViewHeight: 1
textFiles: -1
consoles: Console:All:All
renderingDevicePerspectives: red_player_1:Camera;0;0.234375;0;0.185976
renderingDevicePerspectives: solid:red_player_1:Camera;0;0.110417;0.375;0.128049
